SOCIETY
Name Dragon`
PName Dragons`
AName Dragon`
Adj `
Gen 1 847 0 0 0 0 9 0 0 50 0 0 0 0 250
Needs 0 31
Objects 0 0
Alert 0 0 0 0
Alife 40 -10 20 20
Kills 0 0 0 0 0 0 0 0 0 0
KilledBy 0 0 0 0 0 0 0 0 0 0
RumorsKnown -804650994 0 0 65536 0 0 0 0 0 0 1048576 0 0 0 0 0 0 0 0 0 4464640 0 0 0 0 0 0 0 0 0 0 0 0 0 0 0 0 0 0 0 0 0 0 0 0 0 0 0 0 0 0 134217728 0 0 0 0 0 0 0 0 0 0 0 0 2048 0 268435456 -918552576 0 0 0 0 0 0 128 0 0 0 0 0 0 0 0 0 0 0 0 8388608 0 0 0 0 0 0 0 0 0 0 0 0
RawWant 0 0 0 0 0 0 25 0
RawCurr 0 158 295 218 305 59 0 131
CStart 111300 111310 111320 111330 111340 111350 111360 111370 111380 0
CMaxPop 10 10 10 10 10 10 10 10 10 3
CMaxTier 3 5 5 5 5 5 5 5 5 1
CCurrTier 3 1 1 1 1 1 1 1 1 1
CChance 2 6 6 6 6 6 6 6 6 3
CBaseChance 1 5 5 5 5 5 5 5 5 2
CFlags 0 1 1 1 1 1 1 1 1 0
GuardPosts 0 0 0 0 0 0 0 0 0 0
Flag Room 0 0 134811648
END_SOCIETY

SOCIETY
Name Undead`
PName Undead`
AName Undead`
Adj `
Gen 2 1869 0 0 0 0 15 0 0 50 0 0 0 0 130
Needs 0 31
Objects 0 0
Alert 0 0 0 0
Alife 10 2 30 10
Kills 0 0 0 0 0 0 0 0 0 0
KilledBy 0 0 0 0 0 0 0 0 0 0
RumorsKnown 543434750 0 0 0 0 0 0 0 0 0 -2146959360 0 0 0 2097152 0 0 0 0 0 589824 0 33554432 0 0 0 0 0 0 0 0 0 0 0 0 0 0 0 0 0 0 0 0 0 0 0 0 0 0 0 0 -2147483648 0 0 0 0 0 0 0 0 0 0 0 0 5120 0 671088640 880803840 8192 100663296 0 0 0 0 0 0 0 4194304 0 0 0 0 0 0 0 0 0 33554432 0 0 0 0 0 0 0 0 0 0 0 0
RawWant 0 0 0 17 81 95 75 62
RawCurr 0 261 193 58 14 0 5 18
CStart 110010 110011 110016 110020 110025 110030 110035 110040 110045 0
CMaxPop 10 10 10 10 10 10 10 4 4 0
CMaxTier 1 3 3 3 3 3 2 3 3 0
CCurrTier 1 1 1 1 1 1 1 1 1 0
CChance 6 35 22 14 9 6 4 2 1 0
CBaseChance 5 34 21 13 8 5 3 2 1 0
CFlags 512 1 1 1 1 1 1 2 48 0
GuardPosts 0 0 0 0 0 0 0 0 0 0
Flag Room 0 0 1642496
END_SOCIETY


END_OF_SOCIETIES
