SOCIETY
Name Dragon`
PName Dragons`
AName Dragon`
Adj `
Gen 1 843 207301 207359 0 0 8 0 1 50 0 0 0 0 250 0 17 10000
Needs 0 31
Objects 0 0
Alert 0 0 0 0
Alife 40 -10 20 20
Affinity 0 0 0 0 0 0 0 0 0 0
Kills 0 0 3 0 0 0 0 0 0 0
KilledBy 0 0 0 0 0 0 0 0 0 0
RumorsKnown -2147483648 0 0 0 0 0 0 0 0 0 0 0 0 0 0 0 0 0 0 0 0 0 0 0 0 0 0 65536 0 0 0 0 0 0 0 0 0 0 0 0 0 0 0 0 0 0 0 0 28672 0 0 0 0 0 0 0 0 0 0 0 0 0 0 0 0 0 0 0 0 0 0 0 0 0 0 0 0 0 8388608 0 0 0 0 0 0 0 1073741824 537133056 0 32768 0 0 0 0 0 0 0 0 0 0
RelicRaid 0 0 0
RawWant 0 0 0 0 0 0 0 0
RawCurr 50000 49814 49814 49814 49814 49726 49724 49728
CStart 111300 111310 111320 111330 111340 111350 111360 111370 111380 0
CMaxPop 15 10 10 10 10 10 10 10 10 3
CMaxTier 3 5 5 5 5 5 5 5 5 1
CCurrTier 3 1 1 1 1 1 1 1 1 1
CChance 2 10 10 10 10 10 10 10 10 3
CBaseChance 1 5 5 5 5 5 5 5 5 2
CFlags 512 1 1 1 1 1 1 1 1 0
GuardPosts 207358 207353 207328 0 0 0 0 0 0 0
Flag Room 0 0 136253440
END_SOCIETY

SOCIETY
Name Undead`
PName Undead`
AName Undead`
Adj `
Gen 2 1867 1234736 1234910 0 0 0 0 17 50 0 0 0 0 130 0 55 0
Needs 0 31
Objects 0 0
Alert 0 0 0 0
Alife 10 2 30 10
Affinity 0 0 0 0 0 0 0 0 0 0
Kills 0 0 0 0 0 0 0 0 0 0
KilledBy 0 0 0 0 0 0 0 0 0 0
RumorsKnown 2 0 0 0 0 0 0 0 0 0 0 0 0 0 0 0 0 0 0 0 0 0 0 0 0 0 0 0 0 0 0 0 0 0 0 0 0 0 0 0 0 0 0 0 0 0 0 0 0 0 0 0 0 0 2050 0 0 0 0 0 0 0 0 -603979776 0 2097152 0 0 0 0 0 -620756992 0 0 0 0 0 -67108864 -9961472 0 0 0 0 0 0 -1073741824 -2147483648 1601830912 0 -38912 0 0 0 0 0 0 -67108864 0 0 0
RelicRaid 0 0 0
RawWant 0 0 0 0 0 0 0 0
RawCurr 50000 49646 49650 49652 49702 49596 49621 49623
CStart 110010 110011 110016 110020 110025 110030 110035 110040 110045 0
CMaxPop 15 10 10 10 10 10 10 4 4 0
CMaxTier 1 3 3 3 3 3 2 3 3 0
CCurrTier 1 1 1 1 1 1 1 1 1 0
CChance 7 44 24 19 15 10 6 2 1 0
CBaseChance 5 34 21 13 8 5 3 2 1 0
CFlags 512 1 1 1 1 1 1 2 48 0
GuardPosts 1234904 0 0 0 0 0 0 0 0 0
Flag Room 0 0 1642496
END_SOCIETY


END_OF_SOCIETIES
